2048
2525
2977
3377
3704
3939
4070
4089
3995
3793
3495
3117
2680
2208
1727
1264
844
491
223
57
0
57
223
491
844
1264
1727
2208
2680
3117
3495
3793
3995
4089
4070
3939
3704
3377
2977
2525
2048
1570
1118
718
391
156
25
6
100
302
600
978
1415
1887
2368
2831
3251
3604
3872
4038
4095
4038
3872
3604
3251
2831
2368
1887
1415
978
600
302
100
6
25
156
391
718
1118
1570
2047
2525
2977
3377
3704
3939
4070
4089
3995
3793
3495
3117
2680
2208
1727
1264
844
491
223
57
0
57
223
491
844
1264
1727
2208
2680
3117
3495
3793
3995
4089
4070
3939
3704
3377
2977
2525
2048
1570
1118
718
391
156
25
6
100
302
600
978
1415
1887
2368
